Request arrives: 
AccessoryHandler.channelActive
    creates ConnectionImpl objects than handles: handleReq, encReq decReq

AccessoryHandler.channelRead0
   connection.handleRequest(new FullRequestHttpRequestImpl(req));
        httpSession.handleRequest

        
initial request

POST /pair-setup HTTP/1.1
Host: Test\032Bridge._hap._tcp.local
Content-Length: 6
Content-Type: application/pairing+tlv8

PairingManager.handle: 
SrpHandler
    step1

HTTP/1.1 200 OK
Content-type: application/pairing+tlv8
Content-Length: 409
Connection: keep-alive
[6, 1, 2, 2, 16, 42, -28, 10, -19, -91, 67, -111, 80, 36, 69, 8, -29, -57, 23, 12, 42, 3, -1, -102, 96, -115, 49, -99, -105, 126, -29, -70, 63, -95, 97, 49, 105, 72, -96, -5, -49, 13, -127, -128, -91, 24, 33, -51, 32, -127, -20, -56, 69, 112, -55, -23, 29, 99, -71, 53, 52, 79, 84, -41, 87, 58, 32, -61, 64, 47, -123, 28, 40, -100, 30, 114, 40, -29, 15, -64, -62, -118, -35, 46, 125, 110, -128, -54, -88, -9, -3, 1, 104, -29, -16, -34, -25, 28, 29, 106, 14, 118, -118, 69, 105, 98, 125, 90, 7, -7, -40, -53, 31, 110, 106, -76, -66, 103, 49, -3, 126, -80, -68, 43, -94, -88, 33, -10, 111, -111, -89, 11, 93, 24, 13, -41, -94, 77, 24, -33, -34, -31, 71, 43, 92, 26, 27, 67, -124, -55, -5, -119, -39, -82, -116, -82, -128, -122, 3, 82, 78, 69, 58, -56, 60, 20, 121, 38, 25, -47, -52, -48, -73, -119, -47, 81, -62, 10, 103, -54, -104, 28, 110, 93, -85, -98, -80, 119, -60, 13, 92, -100, 116, 83, 46, -7, 1, 102, -75, -96, 36, -47, -19, 106, -113, -54, -4, 52, 67, -111, -37, -16, -128, 101, -61, 101, 38, 108, 14, -120, -6, -89, -110, 111, -97, -17, -80, -11, 82, -28, -112, -38, -94, -94, 40, 21, 3, 110, 14, -25, 119, -84, 40, 42, -50, 0, -38, 104, -49, -104, 58, 26, -16, -87, -67, -61, -105, 109, -123, 36, -94, 70, -105, 102, 6, 6, -119, -34, -12, 100, -67, 124, 9, 60, 83, -47, 80, -101, 3, -127, -11, 45, -18, 109, -111, -85, 9, 43, 108, -38, -113, 10, -70, 90, 90, 103, -107, 57, 15, 5, 119, 109, -17, 120, -23, -87, 34, 37, -24, -85, 3, -104, -79, -72, 2, 26, 81, 78, -17, -109, -28, -90, 9, 106, 14, -10, -79, -18, -20, 39, -86, -100, -14, 91, -58, -66, 40, 16, -26, -91, -69, 59, 88, 5, -110, -5, -115, 77, -71, -116, 29, 73, -102, -85, -24, 117, -70, 25, 27, -35, 42, 113, -92, 45, 41, 25, -71, -92, 22, 18, 76, 116, -6, -124, 27, -54, 109, 108, -4, 72, -96, -57, -31, -53, 85, -126, -27, -110, 51, -31, -31, -89, 106, 53, 112, -87, -23, 18, 76, -24, 30, -98, 17, 52, 6, -6, 42, -67, 19]